% -------------------------------------------------------------------
%  Generated by MATLAB on 27-Apr-2023 22:42:27
%  MATLAB version: 9.13.0.2049777 (R2022b)
% -------------------------------------------------------------------
                                                

AL = [2.8100000000000004E-7 1.46E-7 3.0000000000000004E-7 2.3500000000000003E-7 ...
      ];

Acu = [0.00031776 0.00042368 0.00030452 0.00034424];

Ae = [0.000237 8.4E-5 0.00054 0.000368];

Aw = [0.000276 0.00015099999999999998 0.00053699999999999993 0.0006];

B = [0.20597507424311695 0.38939380029822679 0.088088206354312609 0.10684643753925191 ...
     ];

CopperCross = 3.31E-6;

D = 0.47058823529411764;

DeltaIL = 1.134;

Iin = 2.6666666666666665;

Ilm_avg = 5.6666666666666661;

Imax = 7.4670000000000005;

Iout = 1;

Ipri_rms = 5.1223197410364545;

Isec_rms = 5.4330405364388952;

Le = [0.0984 0.0694 0.147 0.137];

Lm = 0.0001492;

Lm_min = 5.2941176470588244E-5;

Npri = [24 32 23 26];

Perm = [90 90 60 60];

Pout = 48;

Vin = 18;

Vout = 48;

fs = 60000;

i = 4;

kf = [1.1513043478260869 2.8058278145695366 0.56707635009311 0.57373333333333343 ...
      ];

mu0 = 1.2566370614359173E-6;

n = 3;

phi = [4.8816092595618715E-5 3.2709079225051048E-5 4.7567631431328807E-5 ...
       3.93194890144447E-5];

reluc = [3.6710844820071505E+6 7.305127678953399E+6 3.6104593571772552E+6 ...
         4.9375514500882393E+6];

